rover08:~ $ powerstat -z -t 1 1000
Running for 1000.0 seconds (1000 samples at 1.0 second intervals).
Power measurements will start in 0 seconds time.

  Time    User  Nice   Sys  Idle    IO  Run Ctxt/s  IRQ/s  Watts  soc-th cpu-th
09:16:57   0.0   0.0   0.2  99.5   0.2    1    272    203   0.00E  43.00  43.00
09:16:58   4.3   0.0   2.5  93.2   0.0    2   1155    831   0.00E  44.00  43.00
09:16:59  12.0   0.0   1.2  86.8   0.0    2    618    619   0.00E  43.00  43.00
09:17:00   2.8   0.0   0.0  97.2   0.0    2    292    259   0.00E  44.00  43.00
09:17:01   0.3   0.0   0.3  99.5   0.0    2    302    248   0.00E  43.00  43.00
09:17:02   0.3   0.0   0.0  99.7   0.0    1    322    258   0.00E  43.00  43.00
09:17:03   0.3   0.0   0.3  99.5   0.0    2    881    781   0.00E  43.00  43.00
09:17:04   0.2   0.0   0.5  99.2   0.0    2    516    413   0.00E  43.00  43.00
09:17:05   0.2   0.0   0.2  99.5   0.0    2    411    308   0.00E  43.00  43.00
09:17:06   0.2   0.0   0.2  99.5   0.0    2    259    214   0.00E  43.00  43.00
09:17:07   0.3   0.0   0.0  99.7   0.0    2    276    222   0.00E  43.00  43.00
09:17:08   0.0   0.0   0.5  99.5   0.0    2    879    551   0.00E  43.00  43.00
09:17:09   0.5   0.0   0.0  99.3   0.2    1    250    210   0.00E  43.00  43.00
09:17:10   0.3   0.0   0.0  99.7   0.0    2    270    234   0.00E  43.00  43.00
09:17:11   0.3   0.0   0.3  99.5   0.0    2    357    267   0.00E  43.00  43.00
09:17:12   0.2   0.0   0.7  99.0   0.0    1    341    282   0.00E  43.00  43.00
09:17:13   0.3   0.0   0.3  99.5   0.0    2    429    352   0.00E  43.00  43.00
09:17:14   6.3   0.0   1.3  92.5   0.0    3    874    676   0.00E  44.00  43.00
09:17:15   5.0   0.0   2.3  92.7   0.0    2    854    644   0.00E  44.00  44.00
09:17:16  12.6   0.0   1.3  86.1   0.0    1    404    443   0.00E  44.00  43.00
09:17:17   2.0   0.0   0.2  97.8   0.0    2    406    355   0.00E  45.00  43.00
09:17:18   1.0   0.0   0.3  98.7   0.0    1    845    707   0.00E  43.00  43.00
09:17:19   0.5   0.0   0.5  97.0   2.0    1    558    579   0.00E  44.00  43.00
09:17:20   0.3   0.0   0.0  99.7   0.0    1    239    200   0.00E  44.00  43.00
09:17:21   0.2   0.0   0.2  99.5   0.0    1    296    216   0.00E  44.00  43.00
09:17:22   0.0   0.0   0.3  99.7   0.0    1    392    281   0.00E  43.00  43.00
09:17:23   0.5   0.0   0.0  99.5   0.0    1   1003    892   0.00E  43.00  43.00
09:17:24   0.2   0.0   0.2  99.3   0.2    1    324    252   0.00E  44.00  43.00
09:17:25   0.0   0.0   0.3  99.7   0.0    2    301    247   0.00E  43.00  43.00
09:17:26   0.2   0.0   0.2  99.5   0.0    2    286    226   0.00E  43.00  43.00
09:17:27   0.2   0.0   0.2  99.5   0.0    2    308    224   0.00E  43.00  43.00
09:17:28   0.3   0.0   0.3  99.5   0.0    1    623    531   0.00E  44.00  43.00
09:17:29   0.5   0.0   0.2  99.3   0.0    1    434    360   0.00E  44.00  43.00
09:17:30   0.3   0.0   0.3  99.5   0.0    1    259    214   0.00E  44.00  43.00
09:17:31   5.3   0.0   1.0  93.7   0.0    2    726    574   0.00E  45.00  44.00
09:17:32   5.3   0.0   2.5  92.2   0.0    2    905    679   0.00E  45.00  44.00
09:17:33  13.9   0.0   0.5  85.6   0.0    2    988   1029   0.00E  44.00  44.00
09:17:34   1.5   0.0   0.2  98.2   0.0    2    251    225   0.00E  44.00  44.00
09:17:35   1.5   0.0   0.3  98.2   0.0    1    358    332   0.00E  44.00  44.00
  Time    User  Nice   Sys  Idle    IO  Run Ctxt/s  IRQ/s  Watts  soc-th cpu-th
09:17:36   0.0   0.0   0.0 100.0   0.0    2    558    450   0.00E  44.00  43.00
09:17:37   0.2   0.0   0.5  99.3   0.0    2    374    271   0.00E  44.00  44.00
09:17:38   0.0   0.0   0.0 100.0   0.0    2    921    792   0.00E  44.00  44.00
09:17:39   0.2   0.0   0.2  99.5   0.0    2    237    200   0.00E  44.00  44.00
09:17:40   0.2   0.0   0.2  99.5   0.0    1    251    217   0.00E  44.00  44.00
09:17:41   0.5   0.0   0.2  99.2   0.0    2    410    318   0.00E  44.00  44.00
09:17:42   0.2   0.0   0.2  99.5   0.0    2    275    238   0.00E  44.00  43.00
09:17:43   0.2   0.0   0.2  99.5   0.0    2    853    745   0.00E  44.00  44.00
09:17:44   0.3   0.0   0.3  99.5   0.0    2    340    274   0.00E  44.00  44.00
09:17:45   0.3   0.0   0.0  99.7   0.0    2    246    215   0.00E  44.00  44.00
09:17:46   0.2   0.0   0.5  99.0   0.2    2    272    220   0.00E  44.00  44.00
09:17:47   0.3   0.0   0.0  99.7   0.0    2    555    439   0.00E  44.00  44.00
09:17:48   4.3   0.0   1.0  94.7   0.0    2   1034    736   0.00E  45.00  44.00
09:17:49   5.5   0.0   1.0  93.5   0.0    3    762    580   0.00E  45.00  44.00
09:17:50  15.1   0.0   1.3  83.7   0.0    2    482    559   0.00E  45.00  44.00
09:17:51   0.0   0.0   0.2  99.8   0.0    1    213    190   0.00E  44.00  44.00
09:17:52   3.0   0.0   0.2  96.8   0.0    1    344    302   0.00E  44.00  44.00
09:17:53   0.5   0.0   0.0  99.5   0.0    1   1218    894   0.00E  44.00  44.00
09:17:54   0.3   0.0   0.3  99.5   0.0    1    363    338   0.00E  44.00  44.00
09:17:55   0.2   0.0   0.2  99.5   0.0    2    307    249   0.00E  44.00  44.00
09:17:56   0.3   0.0   0.0  99.7   0.0    2    294    243   0.00E  44.00  44.00
09:17:57   0.3   0.0   0.0  99.5   0.3    2    301    240   0.00E  44.00  44.00
09:17:58   0.2   0.0   0.2  99.5   0.0    2    874    548   0.00E  44.00  44.00
09:17:59   0.2   0.0   0.5  99.2   0.0    2    419    368   0.00E  44.00  44.00
09:18:00   0.2   0.0   0.2  99.5   0.0    2    334    306   0.00E  44.00  44.00
09:18:01   0.0   0.0   0.3  99.7   0.0    2    242    198   0.00E  44.00  44.00
09:18:02   0.3   0.0   0.3  99.5   0.0    2    397    288   0.00E  44.00  44.00
09:18:03   0.0   0.0   0.3  99.7   0.0    2    648    438   0.00E  44.00  44.00
09:18:04   0.2   0.0   0.2  99.5   0.0    2    240    214   0.00E  44.00  44.00
09:18:05   3.0   0.0   1.2  95.8   0.0    2    998    772   0.00E  45.00  44.00
09:18:06   5.0   0.0   0.5  94.5   0.0    1    274    288   0.00E  44.00  44.00
09:18:07  15.9   0.0   3.0  81.1   0.0    2   1035    859   0.00E  45.00  44.00
09:18:08   0.0   0.0   0.8  99.2   0.0    2    675    586   0.00E  44.00  44.00
09:18:09   2.8   0.0   0.2  97.0   0.0    1    243    230   0.00E  45.00  44.00
09:18:10   0.3   0.0   0.0  99.7   0.0    2    245    198   0.00E  44.00  44.00
09:18:11   0.0   0.0   0.5  99.5   0.0    2    702    663   0.00E  44.00  44.00
09:18:12   0.3   0.0   0.0  99.5   0.3    1    320    255   0.00E  44.00  44.00
09:18:13   0.2   0.0   0.5  99.3   0.0    2    842    519   0.00E  44.00  44.00
09:18:14   0.0   0.0   0.5  99.5   0.0    2    277    227   0.00E  44.00  44.00
  Time    User  Nice   Sys  Idle    IO  Run Ctxt/s  IRQ/s  Watts  soc-th cpu-th
09:18:15   0.2   0.0   0.5  99.3   0.0    2    264    213   0.00E  44.00  44.00
09:18:16   0.0   0.0   0.3  99.7   0.0    2    271    228   0.00E  44.00  44.00
09:18:17   0.5   0.0   0.0  99.5   0.0    2    533    376   0.00E  45.00  44.00
09:18:18   0.2   0.0   0.2  99.5   0.0    2    629    435   0.00E  45.00  44.00
09:18:19   0.3   0.0   0.0  99.7   0.0    2    239    204   0.00E  45.00  44.00
09:18:20   0.2   0.0   0.2  99.5   0.0    2    278    221   0.00E  44.00  44.00
09:18:21   0.3   0.0   0.0  99.7   0.0    2    291    217   0.00E  44.00  44.00
09:18:22   0.5   0.0   0.2  99.0   0.2    1    477    316   0.00E  45.00  44.00
09:18:23   8.0   0.0   1.7  90.3   0.0    2   1173    969   0.00E  45.00  44.00
09:18:24  16.3   0.0   3.0  80.7   0.0    2    993    830   0.00E  45.00  45.00
09:18:25   0.0   0.0   0.3  99.7   0.0    2    282    242   0.00E  45.00  45.00
09:18:26   2.5   0.0   0.2  97.2   0.0    1    258    224   0.00E  45.00  45.00
09:18:27   0.3   0.0   0.3  99.5   0.0    1    323    276   0.00E  45.00  44.00
09:18:28   0.3   0.0   0.5  99.2   0.0    2   1149   1110   0.00E  45.00  45.00
09:18:29   0.0   0.0   0.3  99.7   0.0    1    352    317   0.00E  45.00  44.00
09:18:30   0.2   0.0   0.2  99.5   0.0    1    256    207   0.00E  45.00  44.00
09:18:31   0.2   0.0   0.2  99.5   0.0    1    257    200   0.00E  45.00  44.00
09:18:32   0.0   0.0   0.3  99.5   0.3    1    314    225   0.00E  45.00  44.00
09:18:33   0.5   0.0   0.0  99.5   0.0    1    958    835   0.00E  45.00  44.00
09:18:34   0.0   0.0   0.3  99.7   0.0    1    272    218   0.00E  45.00  45.00
09:18:35   0.5   0.0   0.2  99.3   0.0    1    410    276   0.00E  44.00  45.00
09:18:36   0.3   0.0   0.0  99.7   0.0    1    274    198   0.00E  45.00  44.00
09:18:37   0.2   0.0   0.5  99.2   0.0    2    298    216   0.00E  45.00  44.00
09:18:38   0.2   0.0   0.2  99.5   0.0    2    483    349   0.00E  45.00  44.00
09:18:39   0.3   0.0   0.0  99.7   0.0    2    233    198   0.00E  45.00  44.00
09:18:40   7.5   0.0   1.5  91.0   0.0    1    882    723   0.00E  45.00  45.00
09:18:41  15.8   0.0   4.0  80.2   0.0    2   1104    936   0.00E  45.00  45.00
09:18:42   0.0   0.0   0.5  99.3   0.2    1    349    300   0.00E  45.00  45.00
09:18:43   2.8   0.0   0.3  97.0   0.0    2    862    819   0.00E  45.00  45.00
09:18:44   0.2   0.0   0.2  99.5   0.0    1    235    226   0.00E  45.00  45.00
09:18:45   0.3   0.0   0.3  99.5   0.0    1    543    600   0.00E  45.00  45.00
09:18:46   0.0   0.0   0.3  99.7   0.0    1    228    198   0.00E  45.00  45.00
09:18:47   0.3   0.0   0.3  99.5   0.0    1    396    295   0.00E  45.00  45.00
09:18:48   0.2   0.0   0.2  99.5   0.0    1    590    546   0.00E  45.00  45.00
09:18:49   0.3   0.0   0.0  99.7   0.0    1    205    189   0.00E  45.00  45.00
09:18:50   0.2   0.0   0.2  99.5   0.0    1    232    198   0.00E  45.00  45.00
09:18:51   0.3   0.0   0.3  99.5   0.0    1    262    236   0.00E  45.00  44.00
09:18:52   0.2   0.0   0.2  99.5   0.0    1    306    246   0.00E  45.00  45.00
09:18:53   0.0   0.0   0.3  99.7   0.0    1    634    535   0.00E  45.00  45.00
  Time    User  Nice   Sys  Idle    IO  Run Ctxt/s  IRQ/s  Watts  soc-th cpu-th
09:18:54   0.3   0.0   0.0  99.7   0.0    1    222    216   0.00E  45.00  45.00
09:18:55   0.2   0.0   0.5  99.3   0.0    1    283    228   0.00E  45.00  45.00
09:18:56   0.3   0.0   0.0  99.7   0.0    1    301    236   0.00E  45.00  45.00
09:18:57   7.5   0.0   1.5  90.7   0.3    1    906    699   0.00E  45.00  45.00
09:18:58  16.8   0.0   2.5  80.7   0.0    2   1722   1468   0.00E  46.00  45.00
09:18:59   0.0   0.0   0.5  99.5   0.0    1    377    333   0.00E  45.00  45.00
09:19:00   2.8   0.0   0.2  97.0   0.0    1    260    255   0.00E  45.00  45.00
09:19:01   0.0   0.0   0.3  99.7   0.0    1    216    198   0.00E  45.00  45.00
09:19:02   0.3   0.0   0.3  99.5   0.0    1    688    694   0.00E  45.00  45.00
09:19:03   0.3   0.0   0.3  99.5   0.0    1    791    641   0.00E  45.00  45.00
09:19:04   0.2   0.0   0.2  99.5   0.0    1    275    229   0.00E  45.00  45.00
09:19:05   0.3   0.0   0.0  99.7   0.0    1    400    346   0.00E  45.00  45.00
09:19:06   0.3   0.0   0.0  99.7   0.0    1    267    211   0.00E  45.00  45.00
09:19:07   0.3   0.0   0.3  99.5   0.0    1    405    300   0.00E  45.00  45.00
09:19:08   0.2   0.0   0.2  99.5   0.0    2    574    495   0.00E  45.00  45.00
09:19:09   0.0   0.0   0.3  99.7   0.0    2    260    213   0.00E  45.00  45.00
09:19:10   0.5   0.0   0.2  99.2   0.0    1    279    228   0.00E  45.00  45.00
09:19:11   0.2   0.0   0.2  99.5   0.0    2    381    328   0.00E  45.00  45.00
09:19:12   0.5   0.0   0.0  99.5   0.0    4    289    228   0.00E  45.00  45.00
09:19:13   0.3   0.0   0.0  99.5   0.3    2    408    322   0.00E  45.00  45.00
09:19:14   7.8   0.0   1.0  91.2   0.0    1    859    690   0.00E  45.00  45.00
09:19:15  16.2   0.0   3.7  80.0   0.0    2    985    838   0.00E  47.00  46.00
09:19:16   0.3   0.0   0.0  99.7   0.0    1    298    261   0.00E  45.00  45.00
09:19:17   2.5   0.0   0.3  97.2   0.0    1    371    307   0.00E  46.00  45.00
09:19:18   0.5   0.0   0.0  99.2   0.3    1    806    733   0.00E  45.00  45.00
09:19:19   0.2   0.0   0.2  99.5   0.0    1    531    572   0.00E  45.00  45.00
09:19:20   0.2   0.0   0.2  99.5   0.0    1    223    189   0.00E  45.00  45.00
09:19:21   0.0   0.0   0.3  99.7   0.0    1    244    215   0.00E  45.00  45.00
09:19:22   0.2   0.0   0.2  99.5   0.0    1    291    242   0.00E  45.00  45.00
09:19:23   0.3   0.0   0.3  99.5   0.0    1    916    789   0.00E  45.00  45.00
09:19:24   0.5   0.0   0.0  99.5   0.0    1    260    235   0.00E  45.00  45.00
09:19:25   0.0   0.0   0.3  99.7   0.0    1    217    200   0.00E  45.00  45.00
09:19:26   0.2   0.0   0.2  99.5   0.0    1    258    217   0.00E  45.00  45.00
09:19:27   0.3   0.0   0.0  99.7   0.0    1    230    197   0.00E  45.00  45.00
09:19:28   0.2   0.0   0.5  99.0   0.2    1    773    587   0.00E  45.00  45.00
09:19:29   0.0   0.0   0.3  99.7   0.0    1    369    328   0.00E  45.00  45.00
09:19:30   0.2   0.0   0.2  99.5   0.0    2    234    208   0.00E  45.00  45.00
09:19:31   8.3   0.0   1.3  90.5   0.0    2   1033    847   0.00E  46.00  45.00
09:19:32   0.0   0.0   0.3  99.7   0.0    1    235    199   0.00E  45.00  45.00
  Time    User  Nice   Sys  Idle    IO  Run Ctxt/s  IRQ/s  Watts  soc-th cpu-th
09:19:33  17.1   0.0   2.0  80.9   0.0    2   1638   1462   0.00E  46.00  46.00
09:19:34   0.2   0.0   0.2  99.5   0.0    2    237    202   0.00E  45.00  45.00
09:19:35   2.8   0.0   0.3  97.0   0.0    2    366    361   0.00E  45.00  45.00
09:19:36   0.0   0.0   0.3  97.0   2.8    2    604    632   0.00E  46.00  45.00
09:19:37   0.5   0.0   0.2  99.3   0.0    2    236    190   0.00E  45.00  45.00
09:19:38   0.0   0.0   0.3  99.7   0.0    2   1093    903   0.00E  45.00  45.00
09:19:39   0.2   0.0   0.2  99.5   0.0    2    256    201   0.00E  46.00  45.00
09:19:40   0.2   0.0   0.2  99.5   0.0    1    271    219   0.00E  46.00  45.00
09:19:41   0.5   0.0   0.0  99.5   0.0    1    361    305   0.00E  45.00  45.00
09:19:42   0.0   0.0   0.5  99.3   0.2    1    299    242   0.00E  45.00  46.00
09:19:43   0.3   0.0   0.0  99.7   0.0    1    870    775   0.00E  45.00  45.00
09:19:44   0.3   0.0   0.0  99.7   0.0    2    252    213   0.00E  46.00  45.00
09:19:45   0.2   0.0   0.2  99.5   0.0    1    250    206   0.00E  45.00  45.00
09:19:46   0.2   0.0   0.2  99.5   0.0    2    269    228   0.00E  45.00  45.00
09:19:47   0.2   0.0   0.5  99.3   0.0    2    408    346   0.00E  46.00  45.00
09:19:48   0.3   0.0   0.3  99.5   0.0    2    817    678   0.00E  45.00  45.00
09:19:49   8.0   0.0   1.3  90.7   0.0    2    857    684   0.00E  45.00  46.00
09:19:50  16.6   0.0   2.5  80.9   0.0    2    973    851   0.00E  46.00  46.00
09:19:51   0.0   0.0   0.3  99.7   0.0    2    234    209   0.00E  46.00  45.00
09:19:52   2.5   0.0   0.3  97.2   0.0    1    288    279   0.00E  46.00  46.00
09:19:53   0.5   0.0   0.2  99.0   0.2    1    827    744   0.00E  46.00  46.00
09:19:54   0.0   0.0   0.7  99.3   0.0    1    548    472   0.00E  46.00  46.00
09:19:55   0.2   0.0   0.2  99.5   0.0    1    235    216   0.00E  45.00  46.00
09:19:56   0.3   0.0   0.3  99.5   0.0    1    260    216   0.00E  46.00  46.00
09:19:57   0.2   0.0   0.2  99.5   0.0    1    283    237   0.00E  46.00  45.00
09:19:58   0.3   0.0   0.3  99.5   0.0    1    883    787   0.00E  46.00  46.00
09:19:59   0.0   0.0   0.3  99.7   0.0    2    366    322   0.00E  46.00  45.00
09:20:00   0.2   0.0   0.2  99.5   0.0    2    297    233   0.00E  46.00  46.00
09:20:01   0.3   0.0   0.0  99.7   0.0    2    267    216   0.00E  46.00  45.00
09:20:02   0.2   0.0   0.2  99.5   0.0    2    285    233   0.00E  46.00  45.00
09:20:03   0.3   0.0   0.0  99.7   0.0    2    525    435   0.00E  45.00  46.00
09:20:04   0.2   0.0   0.2  99.5   0.0    2    251    190   0.00E  46.00  46.00
09:20:05   0.2   0.0   0.2  99.5   0.0    2    375    312   0.00E  46.00  46.00
09:20:06   8.1   0.0   1.0  90.9   0.0    2    838    615   0.00E  46.00  46.00
09:20:07  15.9   0.0   3.0  81.1   0.0    2   1038    884   0.00E  46.00  46.00
09:20:08   0.5   0.0   0.5  98.8   0.2    2    962    873   0.00E  46.00  46.00
09:20:09   2.8   0.0   0.2  97.0   0.0    2    259    256   0.00E  46.00  46.00
09:20:10   0.0   0.0   0.3  99.7   0.0    1    202    186   0.00E  46.00  46.00
09:20:11   0.5   0.0   0.2  99.2   0.0    2    691    725   0.00E  46.00  46.00
  Time    User  Nice   Sys  Idle    IO  Run Ctxt/s  IRQ/s  Watts  soc-th cpu-th
09:20:12   0.0   0.0   0.3  99.7   0.0    1    244    197   0.00E  46.00  46.00
09:20:13   0.5   0.0   0.0  99.5   0.0    1    603    377   0.00E  46.00  46.00
09:20:14   0.0   0.0   0.3  99.7   0.0    1    238    190   0.00E  46.00  46.00
09:20:15   0.2   0.0   0.2  99.5   0.0    1    268    219   0.00E  46.00  46.00
09:20:16   0.3   0.0   0.0  99.7   0.0    1    281    219   0.00E  46.00  46.00
09:20:17   0.3   0.0   0.5  99.2   0.0    2    442    360   0.00E  46.00  46.00
09:20:18   0.3   0.0   0.3  99.5   0.0    2    721    475   0.00E  46.00  46.00
09:20:19   0.2   0.0   0.2  99.5   0.0    2    262    206   0.00E  46.00  46.00
09:20:20   0.3   0.0   0.0  99.7   0.0    2    276    233   0.00E  46.00  46.00
09:20:21   0.0   0.0   0.3  99.7   0.0    2    275    226   0.00E  46.00  46.00
09:20:22   0.2   0.0   0.2  99.5   0.0    2    288    259   0.00E  46.00  46.00
09:20:23   8.5   0.0   1.2  90.0   0.2    2   1448   1104   0.00E  46.00  46.00
09:20:24  16.1   0.0   3.0  80.9   0.0    2    988    857   0.00E  47.00  46.00
09:20:25   0.0   0.0   0.5  99.5   0.0    2    240    225   0.00E  46.00  46.00
09:20:26   2.8   0.0   0.0  97.2   0.0    1    244    249   0.00E  46.00  46.00
09:20:27   0.0   0.0   0.0 100.0   0.0    2    236    205   0.00E  46.00  46.00
09:20:28   0.2   0.0   0.5  98.8   0.5    2   1330    898   0.00E  46.00  46.00
09:20:29   0.3   0.0   0.0  99.7   0.0    2    328    298   0.00E  46.00  46.00
09:20:30   0.2   0.0   0.2  99.5   0.0    1    236    213   0.00E  46.00  46.00
09:20:31   0.2   0.0   0.2  99.5   0.0    2    238    216   0.00E  46.00  46.00
09:20:32   0.3   0.0   0.3  99.5   0.0    1    269    225   0.00E  46.00  46.00
09:20:33   0.3   0.0   0.0  99.7   0.0    2    948    564   0.00E  46.00  46.00
09:20:34   0.2   0.0   0.2  99.5   0.0    2    264    220   0.00E  46.00  46.00
09:20:35   0.2   0.0   0.2  99.5   0.0    2    396    336   0.00E  46.00  46.00
09:20:36   0.3   0.0   0.0  99.7   0.0    2    256    218   0.00E  46.00  46.00
09:20:37   0.2   0.0   0.2  99.5   0.0    1    265    220   0.00E  46.00  46.00
09:20:38   0.2   0.0   0.5  99.0   0.2    1    686    460   0.00E  46.00  46.00
09:20:39   0.0   0.0   0.0 100.0   0.0    2    266    204   0.00E  46.00  46.00
09:20:40   8.3   0.0   1.5  90.2   0.0    2    908    753   0.00E  46.00  46.00
09:20:41  16.8   0.0   2.8  80.5   0.0    1   1130    977   0.00E  47.00  46.00
09:20:42   0.0   0.0   0.0 100.0   0.0    1    239    230   0.00E  47.00  46.00
09:20:43   2.8   0.0   0.3  97.0   0.0    1    866    579   0.00E  46.00  46.00
09:20:44   0.0   0.0   0.3  99.7   0.0    1    283    240   0.00E  46.00  46.00
09:20:45   0.2   0.0   0.5  99.3   0.0    2    607    499   0.00E  46.00  46.00
09:20:46   0.2   0.0   0.2  99.3   0.2    1    220    177   0.00E  46.00  46.00
09:20:47   0.3   0.0   0.0  99.7   0.0    1    361    312   0.00E  46.00  46.00
09:20:48   0.0   0.0   0.5  99.5   0.0    1    912    559   0.00E  46.00  46.00
09:20:49   0.2   0.0   0.2  99.5   0.0    1    238    200   0.00E  46.00  46.00
09:20:50   0.2   0.0   0.0  99.8   0.0    2    237    196   0.00E  46.00  46.00
  Time    User  Nice   Sys  Idle    IO  Run Ctxt/s  IRQ/s  Watts  soc-th cpu-th
09:20:51   0.0   0.0   0.3  99.7   0.0    2    293    269   0.00E  46.00  46.00
09:20:52   0.5   0.0   0.2  99.2   0.0    2    301    259   0.00E  46.00  46.00
09:20:53   0.2   0.0   0.2  99.5   0.0    1    461    388   0.00E  46.00  46.00
09:20:54   0.2   0.0   0.2  99.5   0.0    1    223    203   0.00E  46.00  46.00
09:20:55   0.3   0.0   0.0  99.7   0.0    1    247    213   0.00E  46.00  46.00
09:20:56   0.3   0.0   0.3  99.2   0.3    1    323    271   0.00E  46.00  46.00
09:20:57   8.1   0.0   0.8  91.2   0.0    2    869    684   0.00E  47.00  46.00
09:20:58  10.0   0.0   2.5  87.5   0.0    2   1447   1287   0.00E  48.00  47.00
09:20:59   6.8   0.0   1.0  92.2   0.0    2    453    497   0.00E  47.00  46.00
09:21:00   2.8   0.0   0.0  97.2   0.0    1    268    275   0.00E  47.00  46.00
09:21:01   0.0   0.0   0.5  97.2   2.2    1    621    615   0.00E  47.00  46.00
09:21:02   0.5   0.0   0.3  98.7   0.5    1    368    317   0.00E  47.00  46.00
09:21:03   0.2   0.0   0.7  99.0   0.0    2    866    735   0.00E  47.00  46.00
09:21:04   0.3   0.0   0.0  99.7   0.0    1    269    237   0.00E  46.00  46.00
09:21:05   0.2   0.0   0.2  99.5   0.0    1    309    237   0.00E  47.00  46.00
09:21:06   0.2   0.0   0.2  99.5   0.0    1    235    208   0.00E  46.00  46.00
09:21:07   0.2   0.0   0.0  99.5   0.2    1    292    253   0.00E  46.00  46.00
09:21:08   0.2   0.0   0.5  99.2   0.0    2    703    628   0.00E  46.00  46.00
09:21:09   0.3   0.0   0.0  99.7   0.0    2    219    190   0.00E  46.00  46.00
09:21:10   0.3   0.0   0.0  99.7   0.0    2    241    208   0.00E  46.00  46.00
09:21:11   0.0   0.0   0.3  99.7   0.0    2    360    287   0.00E  46.00  46.00
09:21:12   0.2   0.0   0.2  99.5   0.0    2    284    256   0.00E  46.00  46.00
09:21:13   0.2   0.0   0.5  99.2   0.0    2    387    325   0.00E  46.00  46.00
09:21:14   8.0   0.0   1.3  90.5   0.3    1    948    771   0.00E  47.00  46.00
09:21:15   8.0   0.0   2.8  89.2   0.0    2    997    708   0.00E  48.00  47.00
09:21:16  10.3   0.0   0.8  89.0   0.0    2    373    398   0.00E  46.00  47.00
09:21:17   2.8   0.0   0.3  97.0   0.0    1    473    373   0.00E  47.00  47.00
09:21:18   0.3   0.0   0.8  99.0   0.0    1   1184   1037   0.00E  47.00  47.00
09:21:19   0.0   0.0   0.3  99.7   0.0    1    292    251   0.00E  46.00  46.00
09:21:20   0.2   0.0   0.2  99.5   0.0    1    239    204   0.00E  47.00  46.00
09:21:21   0.3   0.0   0.0  99.7   0.0    1    209    165   0.00E  46.00  46.00
09:21:22   0.2   0.0   0.2  99.5   0.0    1    232    176   0.00E  46.00  46.00
09:21:23   0.3   0.0   0.3  99.5   0.0    1   1109    918   0.00E  46.00  46.00
09:21:24   0.3   0.0   0.3  99.5   0.0    1    269    229   0.00E  46.00  46.00
09:21:25   0.2   0.0   0.0  99.5   0.2    1    271    217   0.00E  47.00  46.00
09:21:26   0.5   0.0   0.2  99.3   0.0    1    241    177   0.00E  47.00  46.00
09:21:27   0.0   0.0   0.3  99.7   0.0    1    237    185   0.00E  46.00  46.00
09:21:28   0.5   0.0   0.0  99.5   0.0    2    422    359   0.00E  46.00  46.00
09:21:29   0.2   0.0   0.2  99.5   0.0    2    393    348   0.00E  47.00  47.00
  Time    User  Nice   Sys  Idle    IO  Run Ctxt/s  IRQ/s  Watts  soc-th cpu-th
09:21:30   0.3   0.0   0.3  99.5   0.0    2    302    231   0.00E  47.00  46.00
09:21:31   8.5   0.0   1.2  90.2   0.0    1    793    743   0.00E  47.00  47.00
09:21:32   6.5   0.0   3.0  90.5   0.0    2    845    712   0.00E  48.00  47.00
09:21:33  10.0   0.0   1.0  89.0   0.0    2    799    820   0.00E  47.00  47.00
09:21:34   2.8   0.0   0.0  97.2   0.0    1    239    265   0.00E  47.00  47.00
09:21:35   0.3   0.0   0.3  99.5   0.0    1    360    272   0.00E  47.00  47.00
09:21:36   0.5   0.0   0.0  99.3   0.2    1    287    256   0.00E  47.00  47.00
09:21:37   0.0   0.0   0.3  99.7   0.0    1    250    213   0.00E  47.00  47.00
09:21:38   0.5   0.0   0.0  99.5   0.0    1    987    864   0.00E  47.00  47.00
09:21:39   0.2   0.0   0.2  99.5   0.0    1    250    204   0.00E  47.00  46.00
09:21:40   0.2   0.0   0.2  99.5   0.0    1    265    230   0.00E  47.00  46.00
09:21:41   0.0   0.0   0.0 100.0   0.0    1    721    719   0.00E  47.00  46.00
09:21:42   0.3   0.0   0.3  99.5   0.0    1    305    239   0.00E  47.00  47.00
09:21:43   0.3   0.0   0.3  99.5   0.0    2    698    644   0.00E  47.00  46.00
09:21:44   0.2   0.0   0.2  99.5   0.0    2    247    232   0.00E  47.00  46.00
09:21:45   2.3   0.0   0.8  97.0   0.0    1    511    410   0.00E  47.00  46.00
09:21:46  11.4   0.0   6.1  75.0   7.6    1   2291   1679   0.00E  47.00  47.00
09:21:47  19.6   0.0   1.8  74.6   4.0    2   1261   1124   0.00E  48.00  47.00
09:21:48  26.1   0.0   6.5  67.1   0.3    2   2025   2013   0.00E  49.00  48.00
09:21:49   4.5   0.0   3.0  92.2   0.3    2    910    683   0.00E  48.00  47.00
09:21:50  12.1   0.0   0.8  87.2   0.0    1    434    452   0.00E  47.00  47.00
09:21:51   2.8   0.0   0.2  97.0   0.0    1    259    257   0.00E  47.00  47.00
09:21:52   0.2   0.0   0.2  99.5   0.0    1    251    202   0.00E  47.00  47.00
09:21:53   0.3   0.0   0.5  99.2   0.0    2   1448   1274   0.00E  47.00  47.00
09:21:54  17.6   0.0  16.6  64.5   1.3    3   6383   5539   0.00E  50.00  48.00
09:21:55  28.8   0.0   9.8  61.4   0.0    3   8465   7331   0.00E  49.00  48.00
09:21:56  22.3   0.0   3.0  74.7   0.0    3    369    565   0.00E  49.00  48.00
09:21:57  18.6   0.0   5.8  74.3   1.3    2   1707   1419   0.00E  49.00  48.00
09:21:58  22.5   0.0   3.8  73.8   0.0    2   1610   1335   0.00E  49.00  48.00
09:21:59  21.8   0.0   3.5  73.2   1.5    2   2075   1818   0.00E  49.00  49.00
09:22:00  21.2   0.0   3.5  74.7   0.5    2   1851   1493   0.00E  50.00  48.00
09:22:01  21.6   0.0   3.3  74.2   1.0    2   1413   1160   0.00E  49.00  49.00
09:22:02  11.8   0.0  12.6  74.6   1.0    2   1694   1378   0.00E  49.00  49.00
09:22:03   4.3   0.0   1.8  94.0   0.0    2    477    461   0.00E  48.00  48.00
09:22:04   0.3   0.0   0.3  99.5   0.0    2   1310    754   0.00E  48.00  48.00
09:22:05   5.3   0.0   1.5  93.0   0.3    2    954    677   0.00E  48.00  48.00
09:22:06   5.3   0.0   2.3  92.5   0.0    2    908    705   0.00E  49.00  48.00
09:22:07  14.1   0.0   1.3  84.7   0.0    1    413    499   0.00E  48.00  48.00
09:22:08   1.2   0.0   0.5  98.3   0.0    2    434    351   0.00E  48.00  47.00
  Time    User  Nice   Sys  Idle    IO  Run Ctxt/s  IRQ/s  Watts  soc-th cpu-th
09:22:09   2.0   0.0   0.0  98.0   0.0    2   1229   1184   0.00E  48.00  47.00
09:22:10   0.5   0.0   0.2  99.0   0.2    2    306    297   0.00E  47.00  47.00
09:22:11   0.3   0.0   0.0  99.7   0.0    2    408    355   0.00E  47.00  47.00
09:22:12   0.2   0.0   0.2  99.5   0.0    2    263    233   0.00E  48.00  47.00
09:22:13   0.2   0.0   0.2  99.5   0.0    2    344    257   0.00E  48.00  47.00
09:22:14   0.3   0.0   0.3  99.5   0.0    2    737    706   0.00E  47.00  47.00
09:22:15   0.3   0.0   0.0  99.7   0.0    1    274    214   0.00E  47.00  47.00
09:22:16   0.3   0.0   0.5  96.5   2.8    2   1261   1404   0.00E  47.00  47.00
09:22:17   0.2   0.0   0.2  99.5   0.0    2    407    362   0.00E  47.00  47.00
09:22:18   0.2   0.0   0.2  99.5   0.0    2    327    261   0.00E  47.00  47.00
09:22:19   0.0   0.0   0.8  99.2   0.0    2    726    665   0.00E  47.00  47.00
09:22:20   0.2   0.0   0.2  99.5   0.0    2    291    239   0.00E  47.00  47.00
09:22:21   0.2   0.0   0.2  99.5   0.0    2    255    216   0.00E  47.00  47.00
09:22:22   3.5   0.0   1.0  95.5   0.0    2    818    618   0.00E  48.00  47.00
09:22:23   4.8   0.0   0.8  94.5   0.0    3    855    632   0.00E  47.00  47.00
09:22:24  16.6   0.0   2.0  81.4   0.0    1   1240   1091   0.00E  47.00  47.00
09:22:25   0.5   0.0   0.0  99.5   0.0    1    236    206   0.00E  47.00  47.00
09:22:26   2.8   0.0   0.5  96.7   0.0    2    483    339   0.00E  47.00  47.00
09:22:27   0.0   0.0   1.0  99.0   0.0    1    550    580   0.00E  47.00  47.00
09:22:28   0.5   0.0   0.2  99.0   0.2    1    446    379   0.00E  47.00  47.00
09:22:29   0.0   0.0   0.3  99.7   0.0    1    913    602   0.00E  47.00  47.00
09:22:30   0.3   0.0   0.0  99.7   0.0    2    230    194   0.00E  47.00  47.00
09:22:31   0.2   0.0   0.5  99.2   0.0    1    289    230   0.00E  47.00  47.00
09:22:32   0.0   0.0   0.3  99.7   0.0    2    318    277   0.00E  47.00  47.00
09:22:33   0.2   0.0   0.5  99.3   0.0    1    443    330   0.00E  47.00  47.00
09:22:34   0.3   0.0   0.3  99.5   0.0    2    870    757   0.00E  47.00  47.00
09:22:35   0.2   0.0   0.5  99.3   0.0    2    403    279   0.00E  47.00  47.00
09:22:36   0.3   0.0   0.3  99.5   0.0    2    264    199   0.00E  47.00  47.00
09:22:37   0.0   0.0   2.3  76.4  21.4    2    796    547   0.00E  47.00  47.00
09:22:38   0.2   0.0   1.2  32.7  65.8    1    609    567   0.00E  47.00  47.00
09:22:39   0.2   0.0   0.8  24.5  74.5    2    758    734   0.00E  47.00  47.00
09:22:40   0.8   0.0   1.5  58.7  39.0    1   1352    991   0.00E  47.00  47.00
09:22:41   8.5   0.0   2.5  89.0   0.0    2   1097    872   0.00E  48.00  48.00
09:22:42   8.3   0.0   1.0  90.7   0.0    1    392    447   0.00E  48.00  47.00
09:22:43   2.7   0.0   0.5  96.5   0.2    1    368    316   0.00E  48.00  47.00
09:22:44   0.5   0.0   0.0  99.5   0.0    2    812    726   0.00E  47.00  47.00
09:22:45   0.5   0.0   0.2  99.2   0.0    2    331    305   0.00E  47.00  47.00
09:22:46   0.2   0.0   0.2  99.5   0.0    1    278    249   0.00E  47.00  47.00
09:22:47   0.5   0.0   0.2  99.3   0.0    2    359    277   0.00E  47.00  47.00
  Time    User  Nice   Sys  Idle    IO  Run Ctxt/s  IRQ/s  Watts  soc-th cpu-th
09:22:48   0.5   0.0   0.2  99.2   0.0    2    373    285   0.00E  47.00  47.00
09:22:49   0.2   0.0   0.5  99.2   0.0    2    627    595   0.00E  47.00  47.00
09:22:50   0.5   0.0   0.2  99.2   0.0    2    282    225   0.00E  47.00  47.00
09:22:51   0.2   0.0   0.2  99.5   0.0    2    248    201   0.00E  47.00  47.00
09:22:52   0.3   0.0   0.3  99.5   0.0    2    241    202   0.00E  47.00  47.00
09:22:53   0.5   0.0   0.7  98.8   0.0    2   1040   1067   0.00E  47.00  47.00
09:22:54   0.3   0.0   0.3  99.5   0.0    2    531    439   0.00E  47.00  47.00
09:22:55   0.5   0.0   0.3  99.2   0.0    2    269    230   0.00E  47.00  47.00
09:22:56   0.3   0.0   0.0  99.7   0.0    2    267    235   0.00E  47.00  47.00
09:22:57   8.3   0.0   1.3  90.5   0.0    2    918    717   0.00E  48.00  47.00
09:22:58   7.2   0.0   2.2  90.2   0.2    4   1066    821   0.00E  48.00  48.00
09:22:59   9.6   0.0   0.8  89.7   0.0    2   1015   1030   0.00E  48.00  47.00
09:23:00   2.8   0.0   0.3  97.0   0.0    1    301    269   0.00E  48.00  47.00
09:23:01   0.3   0.0   0.3  99.5   0.0    1    223    199   0.00E  47.00  47.00
09:23:02   0.2   0.0   0.2  99.5   0.0    2    228    195   0.00E  47.00  47.00
09:23:03   0.3   0.0   0.3  99.5   0.0    2    356    333   0.00E  47.00  47.00
09:23:04   0.8   0.0   0.0  99.2   0.0    2    867    540   0.00E  47.00  47.00
09:23:05   0.3   0.0   0.0  99.7   0.0    2    352    280   0.00E  47.00  47.00
09:23:06   0.5   0.0   0.2  99.2   0.0    2    271    247   0.00E  47.00  47.00
09:23:07   0.3   0.0   0.0  99.7   0.0    1    260    226   0.00E  47.00  47.00
09:23:08   0.5   0.0   0.2  99.0   0.2    1    365    293   0.00E  47.00  47.00
09:23:09   0.5   0.0   0.2  99.2   0.0    1    725    447   0.00E  47.00  47.00
09:23:10   0.3   0.0   0.3  99.5   0.0    1    250    225   0.00E  47.00  47.00
09:23:11   0.5   0.0   0.2  99.2   0.0    1    388    357   0.00E  47.00  47.00
09:23:12   0.2   0.0   0.5  99.2   0.0    1    307    254   0.00E  47.00  47.00
09:23:13   0.5   0.0   0.0  99.5   0.0    1    400    326   0.00E  47.00  47.00
09:23:14   7.0   0.0   1.5  91.5   0.0    2   1290    850   0.00E  48.00  47.00
09:23:15   4.8   0.0   1.3  94.0   0.0    2    916    719   0.00E  48.00  47.00
09:23:16  14.3   0.0   0.8  84.9   0.0    2    430    510   0.00E  48.00  47.00
09:23:17   1.8   0.0   0.0  98.2   0.0    2    427    393   0.00E  48.00  47.00
09:23:18   1.8   0.0   0.3  98.0   0.0    1    303    247   0.00E  48.00  47.00
09:23:19   0.3   0.0   0.3  99.5   0.0    2    695    447   0.00E  47.00  47.00
09:23:20   0.5   0.0   0.2  99.2   0.0    2    275    241   0.00E  47.00  47.00
09:23:21   0.5   0.0   0.5  99.0   0.0    2    258    225   0.00E  48.00  47.00
09:23:22   0.0   0.0   0.0 100.0   0.0    2    230    194   0.00E  48.00  47.00
09:23:23   0.8   0.0   0.2  99.0   0.0    2    458    344   0.00E  47.00  47.00
09:23:24   0.2   0.0   0.2  99.2   0.2    2    980    591   0.00E  47.00  47.00
09:23:25   0.3   0.0   0.3  99.5   0.0    2    285    253   0.00E  47.00  47.00
09:23:26   0.3   0.0   0.3  99.5   0.0    1    256    217   0.00E  48.00  47.00
  Time    User  Nice   Sys  Idle    IO  Run Ctxt/s  IRQ/s  Watts  soc-th cpu-th
09:23:27   0.5   0.0   0.0  99.5   0.0    2    225    210   0.00E  47.00  47.00
09:23:28   0.5   0.0   0.5  99.0   0.0    2    843    896   0.00E  47.00  47.00
09:23:29   0.5   0.0   0.2  99.0   0.2    2    432    388   0.00E  47.00  47.00
09:23:30   0.3   0.0   0.3  99.5   0.0    2    285    234   0.00E  47.00  47.00
09:23:31   1.5   0.0   0.5  98.0   0.0    3    703    477   0.00E  48.00  47.00
09:23:32   7.0   0.0   1.0  92.0   0.0    1    429    491   0.00E  48.00  47.00
09:23:33  16.5   0.0   3.3  80.2   0.0    2   1135    988   0.00E  48.00  48.00
09:23:34   0.0   0.0   0.5  99.5   0.0    1    815    597   0.00E  48.00  48.00
09:23:35   3.2   0.0   0.2  96.5   0.0    1    414    406   0.00E  48.00  47.00
09:23:36   0.3   0.0   0.3  99.5   0.0    1    233    208   0.00E  47.00  47.00
09:23:37   0.5   0.0   0.0  99.5   0.0    2    263    239   0.00E  47.00  47.00
09:23:38   0.2   0.0   0.2  99.5   0.0    2    326    259   0.00E  47.00  47.00
09:23:39   0.5   0.0   0.0  99.5   0.0    2    963    811   0.00E  48.00  47.00
09:23:40   0.3   0.0   0.3  99.5   0.0    2    343    291   0.00E  47.00  47.00
09:23:41   0.5   0.0   0.0  99.5   0.0    2    364    315   0.00E  48.00  47.00
09:23:42   0.5   0.0   0.5  99.0   0.0    1    271    232   0.00E  47.00  47.00
09:23:43   0.3   0.0   0.3  99.5   0.0    2    360    280   0.00E  47.00  47.00
09:23:44   0.5   0.0   0.2  99.2   0.0    2    585    530   0.00E  47.00  47.00
09:23:45   0.2   0.0   0.2  99.2   0.2    2    337    270   0.00E  47.00  47.00
09:23:46   0.5   0.0   0.2  99.3   0.0    2    281    238   0.00E  47.00  47.00
09:23:47   0.3   0.0   0.3  99.5   0.0    1    386    281   0.00E  48.00  47.00
09:23:48   0.5   0.0   0.2  99.2   0.0    2    368    275   0.00E  47.00  47.00
09:23:49   8.5   0.0   1.0  90.5   0.0    1   1363   1151   0.00E  48.00  47.00
09:23:50  15.9   0.0   3.3  80.8   0.0    2   1057    896   0.00E  48.00  48.00
09:23:51   0.0   0.0   0.3  99.7   0.0    2    244    221   0.00E  47.00  47.00
09:23:52   2.8   0.0   0.5  96.8   0.0    1    249    254   0.00E  48.00  47.00
09:23:53   0.5   0.0   0.2  99.2   0.0    2    491    367   0.00E  47.00  47.00
09:23:54   0.5   0.0   0.2  99.2   0.0    1    741    697   0.00E  47.00  47.00
09:23:55   0.5   0.0   0.5  99.0   0.0    1    311    278   0.00E  47.00  47.00
09:23:56   0.0   0.0   0.3  99.7   0.0    1    240    214   0.00E  47.00  47.00
09:23:57   0.5   0.0   0.2  99.2   0.0    1    248    221   0.00E  47.00  47.00
09:23:58   0.3   0.0   0.3  99.5   0.0    1    347    271   0.00E  47.00  47.00
09:23:59   0.2   0.0   0.5  99.2   0.0    2   1083    889   0.00E  47.00  47.00
09:24:00   0.5   0.0   0.2  99.0   0.2    2    291    246   0.00E  47.00  47.00
09:24:01   0.5   0.0   0.0  99.5   0.0    1    275    240   0.00E  47.00  47.00
09:24:02   0.0   0.0   0.5  99.5   0.0    1    739    816   0.00E  47.00  47.00
09:24:03   0.5   0.0   0.0  99.5   0.0    1    362    274   0.00E  48.00  47.00
09:24:04   0.2   0.0   0.5  99.2   0.0    1    364    306   0.00E  47.00  47.00
09:24:05   0.5   0.0   0.2  99.2   0.0    1    453    342   0.00E  47.00  47.00
  Time    User  Nice   Sys  Idle    IO  Run Ctxt/s  IRQ/s  Watts  soc-th cpu-th
09:24:06   7.8   0.0   1.8  90.5   0.0    1    891    716   0.00E  47.00  47.00
09:24:07  16.4   0.0   3.0  80.6   0.0    3   1081    899   0.00E  49.00  48.00
09:24:08   0.3   0.0   0.3  99.5   0.0    2    356    293   0.00E  48.00  47.00
09:24:09   2.8   0.0   0.0  97.2   0.0    2    649    634   0.00E  47.00  47.00
09:24:10   0.5   0.0   0.2  99.2   0.0    2    243    217   0.00E  48.00  47.00
09:24:11   0.3   0.0   0.3  99.5   0.0    2    354    269   0.00E  48.00  47.00
09:24:12   0.2   0.0   0.5  99.0   0.2    2    295    261   0.00E  48.00  47.00
09:24:13   0.5   0.0   0.0  99.5   0.0    2    325    269   0.00E  48.00  47.00
09:24:14   0.5   0.0   0.0  99.5   0.0    2    787    736   0.00E  47.00  47.00
09:24:15   0.5   0.0   0.2  99.2   0.0    2    249    222   0.00E  47.00  47.00
09:24:16   0.5   0.0   0.2  99.2   0.0    2    263    223   0.00E  47.00  47.00
09:24:17   0.5   0.0   0.5  99.0   0.0    2    394    311   0.00E  47.00  48.00
09:24:18   0.3   0.0   0.3  99.5   0.0    2    324    251   0.00E  47.00  47.00
09:24:19   0.5   0.0   0.2  99.2   0.0    2    706    656   0.00E  47.00  47.00
09:24:20   0.3   0.0   0.3  99.5   0.0    1    267    222   0.00E  47.00  47.00
09:24:21   0.5   0.0   0.2  99.3   0.0    1    229    197   0.00E  48.00  48.00
09:24:22   0.3   0.0   0.5  99.2   0.0    2    300    256   0.00E  48.00  47.00
09:24:23   8.0   0.0   1.5  90.5   0.0    1   1147    908   0.00E  48.00  47.00
09:24:24  15.8   0.0   2.3  81.9   0.0    2   1530   1156   0.00E  49.00  48.00
09:24:25   1.3   0.0   0.5  98.2   0.0    2    302    273   0.00E  47.00  47.00
09:24:26   3.0   0.0   0.0  97.0   0.0    2    242    224   0.00E  48.00  48.00
09:24:27   0.3   0.0   0.3  99.2   0.3    2    251    217   0.00E  48.00  47.00
09:24:28   0.8   0.0   0.0  99.2   0.0    2    365    268   0.00E  48.00  47.00
09:24:29   0.5   0.0   0.2  99.2   0.0    2    777    629   0.00E  48.00  47.00
09:24:30   0.3   0.0   0.0  99.7   0.0    1    291    218   0.00E  47.00  47.00
09:24:31   0.5   0.0   0.0  99.5   0.0    2    224    185   0.00E  47.00  47.00
09:24:32   0.2   0.0   0.5  99.2   0.0    2    308    250   0.00E  47.00  47.00
09:24:33   0.5   0.0   0.0  99.5   0.0    2    311    236   0.00E  48.00  47.00
09:24:34   0.5   0.0   0.3  99.2   0.0    2    895    659   0.00E  48.00  47.00
09:24:35   0.5   0.0   0.2  99.2   0.0    2    404    335   0.00E  47.00  47.00
09:24:36   0.2   0.0   0.5  99.2   0.0    1    649    696   0.00E  47.00  48.00
09:24:37   0.5   0.0   0.0  99.5   0.0    2    419    420   0.00E  48.00  47.00
09:24:38   0.3   0.0   0.3  99.5   0.0    2    382    307   0.00E  47.00  47.00
09:24:39   0.5   0.0   0.2  99.2   0.0    2    722    425   0.00E  47.00  47.00
09:24:40   7.6   0.0   1.3  91.2   0.0    2    853    713   0.00E  47.00  47.00
09:24:41  14.8   0.0   2.8  82.5   0.0    2   1109    912   0.00E  49.00  48.00
09:24:42   2.8   0.0   0.0  97.2   0.0    2    315    305   0.00E  48.00  48.00
09:24:43   3.0   0.0   0.2  96.8   0.0    1    342    297   0.00E  48.00  48.00
09:24:44   0.0   0.0   0.5  99.2   0.3    1    702    438   0.00E  48.00  47.00
  Time    User  Nice   Sys  Idle    IO  Run Ctxt/s  IRQ/s  Watts  soc-th cpu-th
09:24:45   0.5   0.0   0.0  99.5   0.0    1    304    244   0.00E  48.00  47.00
09:24:46   0.5   0.0   0.0  99.5   0.0    1    284    217   0.00E  48.00  47.00
09:24:47   0.5   0.0   0.2  99.2   0.0    1    355    311   0.00E  48.00  47.00
09:24:48   0.5   0.0   0.2  99.3   0.0    1    354    264   0.00E  48.00  47.00
09:24:49   0.5   0.0   0.3  99.2   0.0    1    907    720   0.00E  48.00  47.00
09:24:50   0.3   0.0   0.0  99.7   0.0    1    235    185   0.00E  48.00  48.00
09:24:51   0.3   0.0   0.3  99.5   0.0    1    247    195   0.00E  48.00  47.00
09:24:52   0.2   0.0   0.2  99.5   0.0    1    219    167   0.00E  48.00  48.00
09:24:53   0.5   0.0   0.3  99.2   0.0    1    428    304   0.00E  47.00  47.00
09:24:54   0.7   0.0   0.2  98.8   0.2    1    630    549   0.00E  48.00  47.00
09:24:55   0.2   0.0   0.5  99.2   0.0    1    306    236   0.00E  47.00  47.00
09:24:56   0.3   0.0   0.0  99.7   0.0    1    235    204   0.00E  48.00  47.00
09:24:57   8.0   0.0   1.3  90.7   0.0    2    811    719   0.00E  48.00  48.00
09:24:58  11.6   0.0   2.3  86.2   0.0    2   1067    860   0.00E  49.00  48.00
09:24:59   5.8   0.0   0.5  93.7   0.0    2   1089   1004   0.00E  48.00  48.00
09:25:00   2.8   0.0   0.3  97.0   0.0    1    343    298   0.00E  48.00  48.00
09:25:01   0.5   0.0   0.5  99.0   0.0    1    267    240   0.00E  48.00  48.00
09:25:02   0.3   0.0   0.3  99.5   0.0    1    302    255   0.00E  48.00  48.00
09:25:03   0.5   0.0   0.2  99.2   0.0    1    363    271   0.00E  48.00  48.00
09:25:04   0.3   0.0   0.0  99.7   0.0    1    814    748   0.00E  48.00  48.00
09:25:05   0.7   0.0   0.2  99.0   0.0    1    468    389   0.00E  48.00  47.00
09:25:06   0.5   0.0   0.2  99.2   0.0    1    251    220   0.00E  48.00  47.00
09:25:07   0.0   0.0   0.0 100.0   0.0    1    227    187   0.00E  48.00  48.00
09:25:08   0.5   0.0   0.0  99.5   0.0    1    337    258   0.00E  48.00  47.00
09:25:09   0.3   0.0   0.3  99.5   0.0    1    771    632   0.00E  48.00  48.00
09:25:10   0.2   0.0   0.5  99.0   0.2    1    492    479   0.00E  47.00  47.00
09:25:11   0.3   0.0   0.3  99.5   0.0    1    651    645   0.00E  48.00  47.00
09:25:12   0.5   0.0   0.0  99.5   0.0    1    258    223   0.00E  48.00  47.00
09:25:13   0.3   0.0   0.3  99.5   0.0    1    287    249   0.00E  47.00  47.00
09:25:14   8.3   0.0   1.3  90.5   0.0    2   1032    839   0.00E  48.00  48.00
09:25:15   9.1   0.0   3.8  86.9   0.3    2   1080    874   0.00E  49.00  48.00
09:25:16   6.5   0.0   0.3  93.2   0.0    2    356    408   0.00E  48.00  48.00
09:25:17   3.0   0.0   0.0  97.0   0.0    1    361    312   0.00E  48.00  48.00
09:25:18   0.5   0.0   0.2  99.2   0.0    1    344    278   0.00E  48.00  48.00
09:25:19   0.5   0.0   0.0  99.5   0.0    1    639    409   0.00E  48.00  48.00
09:25:20   0.5   0.0   0.3  99.0   0.3    1    568    456   0.00E  48.00  47.00
09:25:21   0.2   0.0   0.2  99.5   0.0    1    241    191   0.00E  48.00  48.00
09:25:22   0.5   0.0   0.0  99.5   0.0    1    259    188   0.00E  47.00  47.00
09:25:23   0.2   0.0   0.5  99.2   0.0    1    502    367   0.00E  48.00  47.00
  Time    User  Nice   Sys  Idle    IO  Run Ctxt/s  IRQ/s  Watts  soc-th cpu-th
09:25:24   0.3   0.0   0.5  99.2   0.0    1    484    323   0.00E  48.00  48.00
09:25:25   0.5   0.0   0.2  99.0   0.2    2    327    244   0.00E  48.00  48.00
09:25:26   0.3   0.0   0.3  99.5   0.0    2    258    188   0.00E  48.00  48.00
09:25:27   0.3   0.0   0.0  99.7   0.0    2    266    204   0.00E  47.00  47.00
09:25:28   0.5   0.0   0.0  99.5   0.0    2    378    273   0.00E  48.00  47.00
09:25:29   0.2   0.0   0.5  99.2   0.0    2    456    303   0.00E  47.00  47.00
09:25:30   0.5   0.0   0.3  99.2   0.0    2    301    222   0.00E  47.00  48.00
09:25:31   0.2   0.0   0.2  99.5   0.0    2    296    235   0.00E  48.00  47.00
09:25:32   8.3   0.0   1.3  90.5   0.0    1    966    821   0.00E  48.00  48.00
09:25:33   0.0   0.0   0.2  99.8   0.0    2    296    273   0.00E  48.00  48.00
^C-------- ----- ----- ----- ----- ----- ---- ------ ------ ------  ------ ------
 Average   2.3   0.0   0.6  96.7   0.5  1.6  545.7  457.6  -N/A-   46.26  45.99
 GeoMean   0.0   0.0   0.0  96.3   0.0  1.5  439.1  367.9   0.00   46.24  45.96
  StdDev   4.6   0.0   1.3   7.4   4.8  0.5  556.1  477.2  -N/A-    1.50   1.43
-------- ----- ----- ----- ----- ----- ---- ------ ------ ------  ------ ------
 Minimum   0.0   0.0   0.0  24.5   0.0  1.0  202.0  165.0  -N/A-   43.00  43.00
 Maximum  28.8   0.0  16.6 100.0  74.5  4.0 8465.0 7331.0  -N/A-   50.00  49.00
-------- ----- ----- ----- ----- ----- ---- ------ ------ ------  ------ ------